mean_absolute_error_over_mean_y: 0.6061793606568556
train_mean_absolute_error_over_mean_y_train: 0.3441691295582876
