mean_absolute_error_over_mean_y: 0.6714306468460477
train_mean_absolute_error_over_mean_y_train: 0.3634108433784286
