mean_absolute_error_over_mean_y: 0.6044530492873079
train_mean_absolute_error_over_mean_y_train: 0.33334223036913485
