mean_absolute_error_over_mean_y: 0.662969150080175
train_mean_absolute_error_over_mean_y_train: 0.35064799436125754
