mean_absolute_error_over_mean_y: 0.6005181691589305
train_mean_absolute_error_over_mean_y_train: 0.27378587683357186
