mean_absolute_error_over_mean_y: 0.6028824761554635
train_mean_absolute_error_over_mean_y_train: 0.25914548207333865
