mean_absolute_error_over_mean_y: 0.639034435379287
train_mean_absolute_error_over_mean_y_train: 0.31615184098383203
